              precision    recall  f1-score   support

           0       0.00      0.00      0.00       102
           1       0.00      0.00      0.00       102
           2       0.64      0.99      0.78        93
           3       0.82      0.69      0.75       102
           4       1.00      0.42      0.59       102
           5       0.65      0.55      0.60       102
           6       0.81      0.13      0.22       102
           7       0.70      0.19      0.29       102
           8       0.99      0.98      0.99       102
           9       1.00      0.06      0.11        72
          10       0.71      0.17      0.27       102
          11       0.68      0.79      0.73        66
          12       1.00      0.99      0.99        87
          13       0.97      0.32      0.49       102
          14       0.68      0.25      0.37       102
          15       1.00      0.01      0.02       102
          16       0.67      0.22      0.33       102
          17       0.50      0.02      0.04       102
          18       0.53      0.25      0.34       102
          19       1.00      0.04      0.08       102
          20       0.04      0.95      0.08       102
          21       0.70      0.14      0.23       102
          22       0.62      0.16      0.25       102
          23       1.00      0.04      0.08       102
          24       0.28      0.15      0.19       102
          25       0.99      1.00      1.00       102
          26       0.51      0.35      0.42       102
          27       0.00      0.00      0.00       102
          28       0.71      0.78      0.75        32
          29       0.89      0.30      0.45       102
          30       0.47      0.08      0.13       102
          31       0.00      0.00      0.00       102
          32       0.80      0.27      0.41       102
          33       1.00      0.03      0.06       102
          34       0.00      0.00      0.00       102
          35       0.00      0.00      0.00       102
          36       0.00      0.00      0.00       102
          37       1.00      0.11      0.19       102

    accuracy                           0.28      3716
   macro avg       0.62      0.30      0.32      3716
weighted avg       0.61      0.28      0.31      3716
